Category:  Regression
Mine:      64342.87228 (RMSE Loss) (RANK = 2013)
Max:       62917.05988 (RMSE Loss)