Category:  NLP
Mine:      0.64242
Max:       0.72525