Category:  CNN
Mine:      0.91539 (RANK = 59)
Max:       0.97862