Category:  NLP
Mine:      0.92491
Max:       0.97134
