Category:  REGRESSION
Mine:      1.15615 (RMSLE LOSS)( RANK = 2022 )
Max:       1.01587 